 153
    1     n       1.000   0   1   0.5     8.071  awns
    2     p       1.000   1   0   0.5     7.289  awns
    3     d       2.000   1   1   1.0    13.136  awns
    4     t       3.000   1   2   0.5    14.950  awns
    5   he3       3.000   2   1   0.5    14.931  awns
    6   he4       4.000   2   2   0.0     2.425  awns
    7   li6       6.000   3   3   1.0    14.087  awna
    8   li7       7.000   3   4   1.5    14.908  awna
    9   be7       7.000   4   3   1.5    15.770  awna
   10   be9       9.000   4   5   1.5    11.348  awna
   11    b8       8.000   5   3   2.0    22.921  awns
   12   b10      10.000   5   5   3.0    12.051  awna
   13   b11      11.000   5   6   1.5     8.668  awna
   14   c12      12.000   6   6   0.0     0.000  awna
   15   c13      13.000   6   7   0.5     3.125  awna
   16   n13      13.000   7   6   0.5     5.345  awna
   17   n14      14.000   7   7   1.0     2.863  awna
   18   n15      15.000   7   8   0.5     0.101  awna
   19   o14      14.000   8   6   0.0     8.007  awna
   20   o15      15.000   8   7   0.5     2.856  awna
   21   o16      16.000   8   8   0.0    -4.737  awhf
   22   o17      17.000   8   9   2.5    -0.809  awhf
   23   o18      18.000   8  10   0.0    -0.781  awhf
   24   f17      17.000   9   8   2.5     1.952  awhf
   25   f18      18.000   9   9   1.0     0.874  awhf
   26   f19      19.000   9  10   0.5    -1.487  awhf
   27  ne18      18.000  10   8   0.0     5.317  awhf
   28  ne19      19.000  10   9   0.5     1.751  awhf
   29  ne20      20.000  10  10   0.0    -7.042  awhf
   30  ne21      21.000  10  11   1.5    -5.732  awhf
   31  ne22      22.000  10  12   0.0    -8.025  awhf
   32  na21      21.000  11  10   1.5    -2.184  awhf
   33  na22      22.000  11  11   3.0    -5.182  awhf
   34  na23      23.000  11  12   1.5    -9.530  awhf
   35  mg22      22.000  12  10   0.0    -0.397  awhf
   36  mg23      23.000  12  11   1.5    -5.474  awhf
   37  mg24      24.000  12  12   0.0   -13.934  awhf
   38  mg25      25.000  12  13   2.5   -13.193  awhf
   39  mg26      26.000  12  14   0.0   -16.215  awhf
   40  al25      25.000  13  12   2.5    -8.916  awhf
   41  al-6      26.000  13  13   5.0   -12.210  awns
   42  al*6      26.000  13  13   0.0   -12.210  awns
   43  al27      27.000  13  14   2.5   -17.197  awhf
   44  si26      26.000  14  12   0.0    -7.145  awhf
   45  si27      27.000  14  13   2.5   -12.384  awhf
   46  si28      28.000  14  14   0.0   -21.493  awhf
   47  si29      29.000  14  15   0.5   -21.895  awhf
   48  si30      30.000  14  16   0.0   -24.433  awhf
   49  si31      31.000  14  17   1.5   -22.949  awhf
   50  si32      32.000  14  18   0.0   -24.081  awhf
   51   p29      29.000  15  14   0.5   -16.953  awhf
   52   p30      30.000  15  15   1.0   -20.201  awhf
   53   p31      31.000  15  16   0.5   -24.441  awhf
   54   p32      32.000  15  17   1.0   -24.305  awhf
   55   p33      33.000  15  18   0.5   -26.337  awhf
   56   s30      30.000  16  14   0.0   -14.063  awhf
   57   s31      31.000  16  15   0.5   -19.045  awhf
   58   s32      32.000  16  16   0.0   -26.016  awhf
   59   s33      33.000  16  17   1.5   -26.586  awhf
   60   s34      34.000  16  18   0.0   -29.932  awhf
   61   s35      35.000  16  19   1.5   -28.846  awhf
   62   s36      36.000  16  20   0.0   -30.664  awhf
   63  cl33      33.000  17  16   1.5   -21.003  awhf
   64  cl34      34.000  17  17   0.0   -24.440  awhf
   65  cl35      35.000  17  18   1.5   -29.014  awhf
   66  cl36      36.000  17  19   2.0   -29.522  awhf
   67  cl37      37.000  17  20   1.5   -31.762  awhf
   68  ar34      34.000  18  16   1.0   -18.377  awhf
   69  ar35      35.000  18  17   2.5   -23.047  awhf
   70  ar36      36.000  18  18   1.0   -30.232  awhf
   71  ar37      37.000  18  19   2.5   -30.948  awhf
   72  ar38      38.000  18  20   0.0   -34.715  awhf
   73  ar39      39.000  18  21   2.5   -33.242  awhf
   74  ar40      40.000  18  22   2.0   -35.040  awhf
   75   k37      37.000  19  18   1.5   -24.800  awhf
   76   k38      38.000  19  19   3.0   -28.801  awhf
   77   k39      39.000  19  20   1.5   -33.807  awhf
   78   k40      40.000  19  21   4.0   -33.535  awhf
   79   k41      41.000  19  22   1.5   -35.559  awhf
   80  ca38      38.000  20  18   0.0   -22.059  awhf
   81  ca39      39.000  20  19   1.5   -27.274  awhf
   82  ca40      40.000  20  20   0.0   -34.846  awhf
   83  ca41      41.000  20  21   3.5   -35.138  awhf
   84  ca42      42.000  20  22   0.0   -38.547  awhf
   85  ca43      43.000  20  23   3.5   -38.409  awhf
   86  sc41      41.000  21  20   3.5   -28.642  awhf
   87  sc42      42.000  21  21   0.0   -32.121  awhf
   88  sc43      43.000  21  22   3.5   -36.188  awhf
   89  sc44      44.000  21  23   2.0   -37.816  awhf
   90  sc45      45.000  21  24   3.5   -41.068  awhf
   91  ti43      43.000  22  21   3.5   -29.321  awhf
   92  ti44      44.000  22  22   0.0   -37.549  awhf
   93  ti45      45.000  22  23   3.5   -39.006  awhf
   94  ti46      46.000  22  24   0.0   -44.123  awhf
   95  ti47      47.000  22  25   2.5   -44.932  awhf
   96  ti48      48.000  22  26   0.0   -48.488  awhf
   97   v45      45.000  23  22   3.5   -31.880  awhf
   98   v46      46.000  23  23   0.0   -37.073  awhf
   99   v47      47.000  23  24   1.5   -42.002  awhf
  100   v48      48.000  23  25   1.0   -44.475  awhf
  101   v49      49.000  23  26   3.5   -47.957  awhf
  102   v50      50.000  23  27   6.0   -49.222  awhf
  103   v51      51.000  23  28   3.5   -52.201  awhf
  104  cr47      47.000  24  23   1.5   -34.558  awhf
  105  cr48      48.000  24  24   0.0   -42.819  awhf
  106  cr49      49.000  24  25   2.5   -45.331  awhf
  107  cr50      50.000  24  26   0.0   -50.259  awhf
  108  cr51      51.000  24  27   3.5   -51.449  awhf
  109  cr52      52.000  24  28   0.0   -55.417  awhf
  110  cr53      53.000  24  29   1.5   -55.285  awhf
  111  cr54      54.000  24  30   0.0   -56.932  awhf
  112  mn49      49.000  25  24   2.5   -37.616  awhf
  113  mn50      50.000  25  25   0.0   -42.627  awhf
  114  mn51      51.000  25  26   2.5   -48.241  awhf
  115  mn52      52.000  25  27   6.0   -50.705  awhf
  116  mn53      53.000  25  28   3.5   -54.688  awhf
  117  mn54      54.000  25  29   3.0   -55.555  awhf
  118  mn55      55.000  25  30   2.5   -57.711  awhf
  119  fe51      51.000  26  25   2.5   -40.222  awhf
  120  fe52      52.000  26  26   0.0   -48.332  awhf
  121  fe53      53.000  26  27   3.5   -50.945  awhf
  122  fe54      54.000  26  28   0.0   -56.252  awhf
  123  fe55      55.000  26  29   1.5   -57.479  awhf
  124  fe56      56.000  26  30   0.0   -60.605  awhf
  125  fe57      57.000  26  31   0.5   -60.180  awhf
  126  fe58      58.000  26  32   0.0   -62.153  awhf
  127  co53      53.000  27  26   3.5   -42.645  awhf
  128  co54      54.000  27  27   0.0   -48.009  awhf
  129  co55      55.000  27  28   3.5   -54.028  awhf
  130  co56      56.000  27  29   4.0   -56.039  awhf
  131  co57      57.000  27  30   3.5   -59.344  awhf
  132  co58      58.000  27  31   2.0   -59.846  awhf
  133  co59      59.000  27  32   3.5   -62.228  awhf
  134  ni55      55.000  28  27   3.5   -45.336  awhf
  135  ni56      56.000  28  28   0.0   -53.904  awhf
  136  ni57      57.000  28  29   1.5   -56.082  awhf
  137  ni58      58.000  28  30   0.0   -60.228  awhf
  138  ni59      59.000  28  31   1.5   -61.156  awhf
  139  ni60      60.000  28  32   0.0   -64.472  awhf
  140  ni61      61.000  28  33   1.5   -64.221  awhf
  141  ni62      62.000  28  34   0.0   -66.746  awhf
  142  cu57      57.000  29  28   1.5   -47.310  awhf
  143  cu58      58.000  29  29   1.0   -51.662  awhf
  144  cu59      59.000  29  30   1.5   -56.357  awhf
  145  cu60      60.000  29  31   2.0   -58.344  awhf
  146  cu61      61.000  29  32   1.5   -61.984  awhf
  147  cu62      62.000  29  33   1.0   -62.798  awhf
  148  cu63      63.000  29  34   1.5   -65.579  awhf
  149  zn60      60.000  30  30   0.0   -54.188  awhf
  150  zn61      61.000  30  31   1.5   -56.345  awhf
  151  zn62      62.000  30  32   0.0   -61.171  awhf
  152  zn63      63.000  30  33   1.5   -62.213  awhf
  153  zn64      64.000  30  34   0.0   -66.004  awhf
